#        weight    minuslogpost              H0         omega_b       omega_cdm            logA             n_s        tau_reio          omegak        A_planck             A_s         Omega_m    Omega_k_1000       chi2__BAO       chi2__CMB   minuslogprior minuslogprior__0            chi2 chi2__bao.desi_dr2.desi_bao_all chi2__planck_2018_lowl.TT chi2__planck_2018_lowl.EE chi2__planck_2018_highl_plik.TTTEEE_lite
              2       31731.779        64.09885     0.020184167       0.1389328       3.8171828      0.95933679      0.12873159    0.0078762009       1.1449136   4.5475911e-09      0.38883967       7.8762009       176.61449       59957.543       1664.6997        1664.6997       60134.158                       176.61449                 104.57138                 482.58534                                59370.387
              1       31590.308        64.09885     0.020184167       0.1389328       3.8171828      0.95933679      0.12873159    0.0078762009       1.1453229   4.5475911e-09      0.38883967       7.8762009       176.61449       59655.596       1674.2026        1674.2026        59832.21                       176.61449                 104.33806                 482.56681                                59068.691
              1       31473.741        64.09885     0.020184167       0.1389328       3.8171828      0.95933679      0.12873159    0.0078762009       1.1456614   4.5475911e-09      0.38883967       7.8762009       176.61449       59406.703       1682.0821        1682.0821       59583.318                       176.61449                 104.14537                 482.53261                                58820.025
              1       31177.576       64.303737     0.020157595      0.13919734       3.8172465      0.95832409      0.12903445    0.0073912757       1.1456614    4.547881e-09      0.38694126       7.3912757       162.92348       58828.064       1682.0821        1682.0821       58990.987                       162.92348                 105.16484                  482.9506                                58239.948
              1       30455.058       64.303737     0.020157595      0.13919734       3.8172465      0.95832409      0.12903445    0.0073912757       1.1478074    4.547881e-09      0.38694126       7.3912757       162.92348        57282.26       1732.4657        1732.4657       57445.184                       162.92348                 103.94241                 482.80286                                56695.515
              4       30380.504       64.303737     0.020157595      0.13919734       3.8172465      0.95832409      0.12903445    0.0073912757       1.1480316    4.547881e-09      0.38694126       7.3912757       162.92348       57122.542       1737.7713        1737.7713       57285.466                       162.92348                 103.81524                 482.79971                                56535.927
              2        30133.83       64.303737     0.020157595      0.13919734       3.8172465      0.95832409      0.12903445    0.0073912757       1.1487769    4.547881e-09      0.38694126       7.3912757       162.92348       56593.797       1755.4696        1755.4696       56756.721                       162.92348                  103.3934                 482.73735                                56007.667
              1       29281.101       64.303737     0.020157595      0.13919734       3.8172465      0.95832409      0.12903445    0.0073912757       1.1513989    4.547881e-09      0.38694126       7.3912757       162.92348       54762.412       1818.4331        1818.4331       54925.336                       162.92348                  101.9193                 482.54103                                54177.952
              1       27878.146       64.303737     0.020157595      0.13919734       3.8172465      0.95832409      0.12903445    0.0073912757       1.1558757    4.547881e-09      0.38694126       7.3912757       162.92348       51736.404        1928.482         1928.482       51899.328                       162.92348                 99.435641                 482.16769                                51154.801
              1       27107.241       64.303737     0.020157595      0.13919734       3.8172465      0.95832409      0.12903445    0.0073912757       1.1584294    4.547881e-09      0.38694126       7.3912757       162.92348       50066.172       1992.6929        1992.6929       50229.096                       162.92348                 98.038299                 481.96151                                49486.173
              1        27094.07       64.303737     0.020157595      0.13919734       3.8172465      0.95832409      0.12903445    0.0073912757       1.1584736    4.547881e-09      0.38694126       7.3912757       162.92348       50037.587       1993.8147        1993.8147       50200.511                       162.92348                 98.014203                 481.95984                                49457.613
              1        26663.45       64.303737     0.020157595      0.13919734       3.8172465      0.95832409      0.12903445    0.0073912757       1.1599319    4.547881e-09      0.38694126       7.3912757       162.92348       49102.055       2030.9607        2030.9607       49264.978                       162.92348                 97.222634                 481.83579                                48522.996
              2       26344.032       64.303737     0.020157595      0.13919734       3.8172465      0.95832409      0.12903445    0.0073912757       1.1610287    4.547881e-09      0.38694126       7.3912757       162.92348       48406.896       2059.1227        2059.1227       48569.819                       162.92348                 96.630236                 481.74404                                47828.522
              1       25498.794       64.303737     0.020157595      0.13919734       3.8172465      0.95832409      0.12903445    0.0073912757        1.163996    4.547881e-09      0.38694126       7.3912757       162.92348       46562.105       2136.2797        2136.2797       46725.029                       162.92348                 95.040097                 481.47848                                45985.587
              1       25128.826       64.303737     0.020157595      0.13919734       3.8172465      0.95832409      0.12903445    0.0073912757       1.1653261    4.547881e-09      0.38694126       7.3912757       162.92348       45752.089       2171.3201        2171.3201       45915.012                       162.92348                 94.333388                 481.36217                                45176.393
              1       24457.206       64.303737     0.020157595      0.13919734       3.8172465      0.95832409      0.12903445    0.0073912757       1.1677921    4.547881e-09      0.38694126       7.3912757       162.92348       44277.413       2237.0382        2237.0382       44440.336                       162.92348                   93.0328                 481.14852                                43703.232
              2       24112.096       64.303737     0.020157595      0.13919734       3.8172465      0.95832409      0.12903445    0.0073912757       1.1690863    4.547881e-09      0.38694126       7.3912757       162.92348       43517.433       2271.9183        2271.9183       43680.356                       162.92348                 92.355282                 481.03106                                42944.046
              1       23842.022       64.303737     0.020157595      0.13919734       3.8172465      0.95832409      0.12903445    0.0073912757       1.1701126    4.547881e-09      0.38694126       7.3912757       162.92348       42921.588       2299.7668        2299.7668       43084.511                       162.92348                 91.820755                 480.94666                                 42348.82
              1       23258.829       64.303737     0.020157595      0.13919734       3.8172465      0.95832409      0.12903445    0.0073912757       1.1723705    4.547881e-09      0.38694126       7.3912757       162.92348       41631.471       2361.6316        2361.6316       41794.394                       162.92348                 90.652136                 480.73539                                41060.083
              4       23104.757        64.25094      0.02017454      0.13831816       3.8183433      0.95846442       0.1308003    0.0077626695       1.1726076   4.5528719e-09      0.38548878       7.7626695       162.66648       41310.497       2368.1751        2368.1751       41473.164                       162.66648                 90.368286                 482.16282                                40737.966
              4       22905.655       63.634993     0.020215158      0.13862272       3.8187886      0.95378116       0.1309285    0.0081419761       1.1726076   4.5548997e-09       0.3938399       8.1419761       211.98075       40862.979       2368.1751        2368.1751        41074.96                       211.98075                 94.137264                 483.15909                                40285.683
              1       21187.745       63.634993     0.020215158      0.13862272       3.8187886      0.95378116       0.1309285    0.0081419761       1.1796662   4.5548997e-09       0.3938399       8.1419761       211.98075       37029.314        2567.098         2567.098       37241.295                       211.98075                 90.475765                  482.6374                                36456.201
              1       21078.836       63.634993     0.020215158      0.13862272       3.8187886      0.95378116       0.1309285    0.0081419761       1.1801343   4.5548997e-09       0.3938399       8.1419761       211.98075       36784.548       2580.5715        2580.5715       36996.529                       211.98075                 90.236669                 482.60271                                36211.709
              2       20729.571       63.634993     0.020215158      0.13862272       3.8187886      0.95378116       0.1309285    0.0081419761       1.1816535   4.5548997e-09       0.3938399       8.1419761       211.98075       35998.075        2624.543         2624.543       36210.056                       211.98075                  89.46366                 482.48136                                 35426.13
              1       20495.526       63.634993     0.020215158      0.13862272       3.8187886      0.95378116       0.1309285    0.0081419761       1.1826875   4.5548997e-09       0.3938399       8.1419761       211.98075       35469.709       2654.6814        2654.6814        35681.69                       211.98075                 88.940198                 482.40323                                34898.366
              2       20318.188       63.634993     0.020215158      0.13862272       3.8187886      0.95378116       0.1309285    0.0081419761       1.1834798   4.5548997e-09       0.3938399       8.1419761       211.98075       35068.614       2677.8903        2677.8903       35280.595                       211.98075                  88.54077                 482.34105                                34497.732
              1       20267.591       63.634993     0.020215158      0.13862272       3.8187886      0.95378116       0.1309285    0.0081419761       1.1837073   4.5548997e-09       0.3938399       8.1419761       211.98075       34954.057       2684.5721        2684.5721       35166.038                       211.98075                 88.426302                 482.32162                                34383.309
              1       20118.571       63.641637     0.020189111      0.13891236        3.818569      0.95439538       0.1308178    0.0081067006       1.1841139   4.5538996e-09      0.39440847       8.1067006       211.65231       34632.414       2696.5378        2696.5378       34844.066                       211.65231                 87.562224                 482.18267                                34062.669
              1       19652.684       63.641637     0.020189111      0.13891236        3.818569      0.95439538       0.1308178    0.0081067006       1.1862581   4.5538996e-09      0.39440847       8.1067006       211.65231       33573.575       2760.0699        2760.0699       33785.228                       211.65231                 86.494681                  481.9939                                33005.087
              1       19310.005       63.641637     0.020189111      0.13891236        3.818569      0.95439538       0.1308178    0.0081067006       1.1878729   4.5538996e-09      0.39440847       8.1067006       211.65231       32791.557       2808.4006        2808.4006        33003.21                       211.65231                 85.696981                 481.84602                                32224.014
              1       18992.975       63.565995     0.020217684       0.1392453       3.8184949      0.95420722      0.13146744     0.008175901       1.1878729   4.5535621e-09      0.39624241        8.175901         221.015       32148.134       2808.4006        2808.4006       32369.149                         221.015                 85.498793                 482.47151                                31580.164
              2        18709.49       63.565995     0.020217684       0.1392453       3.8184949      0.95420722      0.13146744     0.008175901       1.1892548   4.5535621e-09      0.39624241        8.175901         221.015        31497.78       2850.0925        2850.0925       31718.795                         221.015                  84.82095                 482.35509                                30930.604
              1       18267.747       63.565995     0.020217684       0.1392453       3.8184949      0.95420722      0.13146744     0.008175901       1.1914586   4.5535621e-09      0.39624241        8.175901         221.015       30480.051       2917.2142        2917.2142       30701.066                         221.015                 83.748094                 482.16008                                29914.143
              4       18242.646       63.565995     0.020217684       0.1392453       3.8184949      0.95420722      0.13146744     0.008175901       1.1915857   4.5535621e-09      0.39624241        8.175901         221.015       30422.054       2921.1112        2921.1112       30643.069                         221.015                 83.686532                 482.15699                                29856.211
              2       17998.213       63.565995     0.020217684       0.1392453       3.8184949      0.95420722      0.13146744     0.008175901       1.1928352   4.5535621e-09      0.39624241        8.175901         221.015       29856.337       2959.5369        2959.5369       30077.352                         221.015                 83.083228                 482.05852                                29291.195
              1       17692.868       63.565486     0.020205356      0.13885993       3.8180728      0.95516232      0.13203189    0.0086547015       1.1942826   4.5516403e-09      0.39526449       8.6547015        217.6919       29159.318       3004.3625        3004.3625        29377.01                        217.6919                 81.365854                 482.21601                                28595.736
              1       17659.045       63.565486     0.020205356      0.13885993       3.8180728      0.95516232      0.13203189    0.0086547015       1.1944604   4.5516403e-09      0.39526449       8.6547015        217.6919       29080.618       3009.8902        3009.8902        29298.31                        217.6919                 81.281385                 482.20242                                28517.134
              1       17530.821       63.565486     0.020205356      0.13885993       3.8180728      0.95516232      0.13203189    0.0086547015        1.195138   4.5516403e-09      0.39526449       8.6547015        217.6919       28781.928       3031.0106        3031.0106        28999.62                        217.6919                 80.959976                 482.12126                                28218.847
              2       17077.164       63.565486     0.020205356      0.13885993       3.8180728      0.95516232      0.13203189    0.0086547015       1.1975868   4.5516403e-09      0.39526449       8.6547015        217.6919       27720.746       3107.9457        3107.9457       27938.438                        217.6919                 79.806355                 481.91273                                27159.027
              3       17003.987        63.55211     0.020205004      0.13882397       3.8176212      0.95447046        0.132048    0.0085696173       1.1975868   4.5495856e-09      0.39534099       8.5696173       218.72986       27573.353       3107.9457        3107.9457       27792.083                       218.72986                 80.259715                 482.05473                                27011.039
              1       16938.752        63.55211     0.020205004      0.13882397       3.8176212      0.95447046        0.132048    0.0085696173       1.1979471   4.5495856e-09      0.39534099       8.5696173       218.72986       27420.075       3119.3492        3119.3492       27638.805                       218.72986                 80.090463                 482.00942                                26857.976
              2       16834.948       63.382645     0.020277717      0.13844383       3.8178159      0.95525049      0.13291873    0.0080693599       1.1979471   4.5504715e-09       0.3966926       8.0693599       235.96019       27195.237       3119.3492        3119.3492       27431.197                       235.96019                 79.241868                 482.44145                                26633.553
              1       16825.404         62.5511      0.02034427      0.13856247       3.8167586      0.95245537      0.13275537    0.0085405921       1.1979471   4.5456625e-09      0.40778316       8.5405921       321.15003       27090.959       3119.3492        3119.3492       27412.109                       321.15003                 80.685021                 482.81933                                26527.455
              1       16654.833         62.5511      0.02034427      0.13856247       3.8167586      0.95245537      0.13275537    0.0085405921        1.198902   4.5456625e-09      0.40778316       8.5405921       321.15003       26689.186       3149.6651        3149.6651       27010.336                       321.15003                 80.235587                 482.72797                                26126.222
              1       16523.993         62.5511      0.02034427      0.13856247       3.8167586      0.95245537      0.13275537    0.0085405921       1.1996432   4.5456625e-09      0.40778316       8.5405921       321.15003       26380.242       3173.2965        3173.2965       26701.392                       321.15003                 79.888217                 482.65994                                25817.694
              2       16414.515         62.5511      0.02034427      0.13856247       3.8167586      0.95245537      0.13275537    0.0085405921       1.2002694   4.5456625e-09      0.40778316       8.5405921       321.15003       26121.221       3193.3299        3193.3299       26442.371                       321.15003                 79.595527                  482.6245                                25559.001
              2       15931.146         62.5511      0.02034427      0.13856247       3.8167586      0.95245537      0.13275537    0.0085405921       1.2031023   4.5456625e-09      0.40778316       8.5405921       321.15003        24971.65       3284.7458        3284.7458         25292.8                       321.15003                  78.28081                 482.39933                                 24410.97
              2       15776.868         62.5511      0.02034427      0.13856247       3.8167586      0.95245537      0.13275537    0.0085405921       1.2040311   4.5456625e-09      0.40778316       8.5405921       321.15003       24602.585       3315.0002        3315.0002       24923.735                       321.15003                 77.853032                 482.31823                                24042.414
              4       15679.471         62.5511      0.02034427      0.13856247       3.8167586      0.95245537      0.13275537    0.0085405921       1.2046241   4.5456625e-09      0.40778316       8.5405921       321.15003       24369.024       3334.3839        3334.3839       24690.174                       321.15003                 77.580823                 482.26527                                23809.178
              2       15523.615         62.5511      0.02034427      0.13856247       3.8167586      0.95245537      0.13275537    0.0085405921       1.2055836   4.5456625e-09      0.40778316       8.5405921       321.15003       23994.333       3365.8736        3365.8736       24315.483                       321.15003                 77.142088                 482.17315                                23435.018
              1       15373.303         62.5511      0.02034427      0.13856247       3.8167586      0.95245537      0.13275537    0.0085405921       1.2065221   4.5456625e-09      0.40778316       8.5405921       321.15003       23631.826       3396.8146        3396.8146       23952.976                       321.15003                  76.71488                  482.1061                                23073.005
              2       15190.179         62.5511      0.02034427      0.13856247       3.8167586      0.95245537      0.13275537    0.0085405921       1.2076834   4.5456625e-09      0.40778316       8.5405921       321.15003        23188.62       3435.2939        3435.2939        23509.77                       321.15003                 76.188436                 482.00511                                22630.426
              3       15177.802         62.5511      0.02034427      0.13856247       3.8167586      0.95245537      0.13275537    0.0085405921       1.2077626   4.5456625e-09      0.40778316       8.5405921       321.15003         23158.6        3437.927         3437.927        23479.75                       321.15003                 76.152619                 482.00044                                22600.447
              3        14532.88       62.690109     0.020406356      0.13890053       3.8163152      0.95101596      0.13371072    0.0083653072       1.2088346   4.5436476e-09       0.4069949       8.3653072       312.82655       21805.621       3473.6559        3473.6559       22118.448                       312.82655                 76.517969                 482.89238                                21246.211
              2       14157.252       63.045818     0.020361609      0.13993375       3.8169533      0.95113601      0.13384765    0.0081240261       1.2093945   4.5465477e-09      0.40490214       8.1240261       280.22304       21049.504        3492.389         3492.389       21329.727                       280.22304                 76.299118                  483.1496                                20490.055
              1       14096.537       63.045818     0.020361609      0.13993375       3.8169533      0.95113601      0.13384765    0.0081240261       1.2098197   4.5465477e-09      0.40490214       8.1240261       280.22304       20899.555       3506.6479        3506.6479       21179.778                       280.22304                 76.107269                 483.12863                                20340.319
              1       14026.145       63.045818     0.020361609      0.13993375       3.8169533      0.95113601      0.13384765    0.0081240261       1.2103162   4.5465477e-09      0.40490214       8.1240261       280.22304       20725.399       3523.3341        3523.3341       21005.622                       280.22304                 75.883703                 483.07603                                20166.439
              2       13860.536       63.045818     0.020361609      0.13993375       3.8169533      0.95113601      0.13384765    0.0081240261          1.2115   4.5465477e-09      0.40490214       8.1240261       280.22304       20314.281        3563.284         3563.284       20594.504                       280.22304                 75.352327                 482.97368                                19755.955
              1       13656.126       63.337997     0.020447499      0.13957031       3.8169745      0.95563466      0.13534116    0.0075415557          1.2115   4.5466443e-09      0.40048325       7.5415557       256.50196       19929.182        3563.284         3563.284       20185.684                       256.50196                 71.699165                 483.12287                                 19374.36
              1       13297.084       63.337997     0.020447499      0.13957031       3.8169745      0.95563466      0.13534116    0.0075415557       1.2141976   4.5466443e-09      0.40048325       7.5415557       256.50196        19027.36       3655.1532        3655.1532       19283.862                       256.50196                 70.534859                 482.90631                                18473.919
              2       13294.575       63.525817      0.02040998      0.13930941       3.8161373      0.95539148      0.13519386    0.0069859099       1.2141976   4.5428394e-09      0.39737915       6.9859099       236.91562       19041.928       3655.1532        3655.1532       19278.843                       236.91562                 70.740772                 482.75444                                18488.432
              1       13233.076       63.326205     0.020409066      0.13995199       3.8158607         0.95578       0.1348241    0.0068056793       1.2141976   4.5415829e-09      0.40148835       6.8056793        258.7008       18897.146       3655.1532        3655.1532       19155.846                        258.7008                 70.168416                 482.49767                                18344.479
              1       12738.487       63.326205     0.020409066      0.13995199       3.8158607         0.95578       0.1348241    0.0068056793       1.2181816   4.5415829e-09      0.40148835       6.8056793        258.7008        17632.35        3792.962         3792.962       17891.051                        258.7008                 68.480464                  482.1602                                17081.709
              1       12463.956       63.326205     0.020409066      0.13995199       3.8158607         0.95578       0.1348241    0.0068056793       1.2205201   4.5415829e-09      0.40148835       6.8056793        258.7008       16919.148       3875.0318        3875.0318       17177.849                        258.7008                 67.504202                 481.94832                                16369.695
              2       12460.575       63.268761     0.020477121      0.13981525       3.8155301      0.95536384      0.13454655    0.0068845938       1.2205201   4.5400815e-09      0.40204615       6.8845938       267.21333       16903.873       3875.0318        3875.0318       17171.087                       267.21333                 67.827978                 481.63509                                 16354.41
              1       12454.177       63.268761     0.020477121      0.13981525       3.8155301      0.95536384      0.13454655    0.0068845938       1.2205755   4.5400815e-09      0.40204615       6.8845938       267.21333       16887.163       3876.9888        3876.9888       17154.376                       267.21333                 67.804884                 481.62336                                16337.735
              1       12406.998       63.411505     0.020490762      0.13948776        3.815687      0.95541745      0.13513738    0.0069366188       1.2205755    4.540794e-09      0.39945761       6.9366188       252.78659       16807.231       3876.9888        3876.9888       17060.018                       252.78659                 67.829675                 482.04112                                 16257.36
              2        12382.86        63.48298     0.020481562      0.13952093       3.8156262      0.95544948       0.1352311    0.0066589051       1.2205755   4.5405181e-09       0.3986181       6.6589051       246.38818       16765.354       3876.9888        3876.9888       17011.742                       246.38818                 67.813106                 482.10457                                16215.436
              1       12254.521        63.48298     0.020481562      0.13952093       3.8156262      0.95544948       0.1352311    0.0066589051       1.2217114   4.5405181e-09       0.3986181       6.6589051       246.38818       16428.298       3917.1775        3917.1775       16674.686                       246.38818                  67.34152                 482.03249                                15878.924
              3        12130.77        63.48298     0.020481562      0.13952093       3.8156262      0.95544948       0.1352311    0.0066589051       1.2228296   4.5405181e-09       0.3986181       6.6589051       246.38818       16101.264       3956.9441        3956.9441       16347.652                       246.38818                 66.879724                 481.91564                                15552.469
              3       11962.151        63.48298     0.020481562      0.13952093       3.8156262      0.95544948       0.1352311    0.0066589051       1.2243924   4.5405181e-09       0.3986181       6.6589051       246.38818       15652.193       4012.8606        4012.8606       15898.581                       246.38818                 66.238422                 481.80146                                15104.153
              1       11713.261        63.48298     0.020481562      0.13952093       3.8156262      0.95544948       0.1352311    0.0066589051       1.2267889   4.5405181e-09       0.3986181       6.6589051       246.38818       14981.415       4099.3588        4099.3588       15227.804                       246.38818                 65.264229                 481.57763                                14434.574
              1       11650.434       63.396465     0.020544367      0.13944727       3.8154205      0.95564925      0.13532132    0.0065828482       1.2269275   4.5395843e-09      0.39967978       6.5828482       257.65741       14834.427       4104.3915        4104.3915       15092.084                       257.65741                 64.970177                 481.49056                                14287.966
              1       11482.178       63.396465     0.020544367      0.13944727       3.8154205      0.95564925      0.13532132    0.0065828482       1.2286245   4.5395843e-09      0.39967978       6.5828482       257.65741       14374.228       4166.2349        4166.2349       14631.886                       257.65741                 64.289089                 481.31702                                13828.622
              1       11236.348       62.922021     0.020376133      0.13956993        3.812601      0.96113225      0.13664317    0.0061301208       1.2286245   4.5268029e-09      0.40561472       6.1301208       294.97387       13845.252       4166.2349        4166.2349       14140.226                       294.97387                 58.952301                 481.65938                                 13304.64
              3       11070.699       63.203492     0.020389746      0.13895558       3.8131752      0.96283985      0.13801766    0.0063183442        1.229748   4.5294027e-09       0.4005062       6.3183442       264.42252       13462.103       4207.4365        4207.4365       13726.526                       264.42252                 57.481243                 482.30865                                12922.314
              3       10878.421       63.203492     0.020389746      0.13895558       3.8131752      0.96283985      0.13801766    0.0063183442        1.231908   4.5294027e-09       0.4005062       6.3183442       264.42252       12918.001        4287.209         4287.209       13182.424                       264.42252                 56.685094                 482.10667                                 12379.21
              1       10789.925       63.203492     0.020389746      0.13895558       3.8131752      0.96283985      0.13801766    0.0063183442       1.2329379   4.5294027e-09       0.4005062       6.3183442       264.42252       12664.414       4325.5069        4325.5069       12928.837                       264.42252                 56.308653                 482.01678                                12126.089
              2       10660.326       63.433319     0.020513343      0.13847688       3.8139105      0.96043656      0.13924762     0.004489157       1.2329379   4.5327344e-09      0.39672678        4.489157       250.75833       12418.879       4325.5069        4325.5069       12669.638                       250.75833                 58.169594                 483.20776                                11877.502
              4       10659.416       63.453221     0.020477174      0.13826982       3.8137877      0.96065982      0.13950594    0.0045794979       1.2329379   4.5321781e-09      0.39587383       4.5794979       245.59168       12422.226       4325.5069        4325.5069       12667.818                       245.59168                  57.96917                 483.37703                                 11880.88
              1       10596.997       63.453221     0.020477174      0.13826982       3.8137877      0.96065982      0.13950594    0.0045794979        1.233706   4.5321781e-09      0.39587383       4.5794979       245.59168       12240.035       4354.1838        4354.1838       12485.626                       245.59168                 57.684223                 483.32624                                11699.024
              2       10551.552       63.453221     0.020477174      0.13826982       3.8137877      0.96065982      0.13950594    0.0045794979       1.2342741   4.5321781e-09      0.39587383       4.5794979       245.59168       12106.611       4375.4513        4375.4513       12352.202                       245.59168                 57.474289                 483.28036                                11565.856
              2       10478.992       63.453221     0.020477174      0.13826982       3.8137877      0.96065982      0.13950594    0.0045794979       1.2351973   4.5321781e-09      0.39587383       4.5794979       245.59168       11892.141        4410.126         4410.126       12137.733                       245.59168                 57.134361                 483.20374                                11351.803
              3       10230.266       63.603112     0.020484543      0.13913536       3.8131289      0.96092804      0.14030661    0.0050381455       1.2351973   4.5291934e-09      0.39616797       5.0381455       236.36472       11403.916        4410.126         4410.126       11640.281                       236.36472                  56.53658                 483.91825                                10863.461
              1       10187.502       63.603112     0.020484543      0.13913536       3.8131289      0.96092804      0.14030661    0.0050381455       1.2357848   4.5291934e-09      0.39616797       5.0381455       236.36472       11274.116       4432.2621        4432.2621        11510.48                       236.36472                 56.322679                 483.88685                                10733.906
              1       10123.037       63.603112     0.020484543      0.13913536       3.8131289      0.96092804      0.14030661    0.0050381455       1.2366871   4.5291934e-09      0.39616797       5.0381455       236.36472       11076.973       4466.3674        4466.3674       11313.338                       236.36472                 55.995535                 483.78451                                10537.193
              1       10112.032       63.603112     0.020484543      0.13913536       3.8131289      0.96092804      0.14030661    0.0050381455       1.2368433   4.5291934e-09      0.39616797       5.0381455       236.36472       11043.128       4472.2851        4472.2851       11279.493                       236.36472                 55.939064                 483.77411                                10503.415
              1       10052.678       63.572423     0.020504201      0.13908556       3.8130838      0.96095123      0.14067848    0.0050002695       1.2368433   4.5289888e-09      0.39647596       5.0002695        239.9775       10920.807       4472.2851        4472.2851       11160.785                        239.9775                  55.82804                 484.02043                                10380.959
              3       9990.8061       63.572423     0.020504201      0.13908556       3.8130838      0.96095123      0.14067848    0.0050002695       1.2377428   4.5289888e-09      0.39647596       5.0002695        239.9775       10728.763       4506.4357        4506.4357       10968.741                        239.9775                 55.504145                  483.9696                                 10189.29
              1       9810.2288       63.572423     0.020504201      0.13908556       3.8130838      0.96095123      0.14067848    0.0050002695       1.2405006   4.5289888e-09      0.39647596       5.0002695        239.9775       10156.588       4611.9461        4611.9461       10396.565                        239.9775                   54.5204                 483.74579                                9618.3218
              2       9692.7713       63.572423     0.020504201      0.13908556       3.8130838      0.96095123      0.14067848    0.0050002695        1.242417   4.5289888e-09      0.39647596       5.0002695        239.9775       9773.5992        4685.983         4685.983       10013.577                        239.9775                 53.845672                 483.57303                                9236.1805
              1       9612.1475       63.572423     0.020504201      0.13908556       3.8130838      0.96095123      0.14067848    0.0050002695       1.2437985   4.5289888e-09      0.39647596       5.0002695        239.9775       9504.8801       4739.7187        4739.7187       9744.8576                        239.9775                 53.363467                 483.47005                                8968.0465
              1       9592.9787       63.572423     0.020504201      0.13908556       3.8130838      0.96095123      0.14067848    0.0050002695       1.2441357   4.5289888e-09      0.39647596       5.0002695        239.9775       9440.2109       4752.8845        4752.8845       9680.1884                        239.9775                 53.246294                 483.45536                                8903.5093
              2       9430.0797         63.6327     0.020537992      0.13899779       3.8132318      0.96086535      0.14099489    0.0045568941       1.2470064   4.5296591e-09      0.39559187       4.5568941       236.76384       8892.0432       4865.6762        4865.6762       9128.8071                       236.76384                 52.352773                 483.38466                                8356.3058
              1       9383.0254         63.6327     0.020537992      0.13899779       3.8132318      0.96086535      0.14099489    0.0045568941       1.2479463   4.5296591e-09      0.39559187       4.5568941       236.76384       8723.4979       4902.8945        4902.8945       8960.2618                       236.76384                 52.032093                 483.30377                                8188.1621
              1       9336.6825         63.6327     0.020537992      0.13899779       3.8132318      0.96086535      0.14099489    0.0045568941       1.2489032   4.5296591e-09      0.39559187       4.5568941       236.76384       8554.7428       4940.9291        4940.9291       8791.5067                       236.76384                 51.707593                 483.24042                                8019.7948
