    0.113087773323059082E+01   -0.287269986374227182E+01
    0.930789828300476074E+00   -0.284559545030861605E+01
    0.929942369461059570E+00   -0.258825526115759397E+01
    0.705810785293579102E-01   -0.243289251892366787E+01
    0.112818099122842730E+01   -0.207636914952809315E+01
    0.112786051458637515E+01   -0.198656918153272444E+01
    0.107368373937136341E+01   -0.156825568381630132E+01
    0.739060640335083008E-01   -0.150999528756148327E+01
    0.107444577448003864E+01   -0.137062002606988131E+01
    0.474456614737717997E+00   -0.136785046972087931E+01
    0.925166964530944824E+00   -0.127240833495380490E+01
    0.749667773823358696E-01   -0.123883898957229288E+01
    0.112466514122045491E+01   -0.114737377356953441E+01
    0.475617720052755988E+00   -0.107800569355460985E+01
    0.574201676768788971E+00   -0.103413360852862368E+01
    0.112339349641996522E+01   -0.841806190199243742E+00
    0.107716774940490723E+01   -0.712086152630228564E+00
    0.572675356302160932E+00   -0.676386733549969144E+00
    0.922584980731538051E+00   -0.655934589664357026E+00
    0.572384908629321121E+00   -0.610948488108557508E+00
    0.107763528823852539E+01   -0.606429477313859988E+00
    0.112208920579186899E+01   -0.545192879022310395E+00
    0.107840975413944595E+01   -0.436221398040511577E+00
    0.478496074676513672E+00   -0.417621837955256259E+00
    0.478640317916870117E+00   -0.386707909820806994E+00
    0.791190492646317717E-01   -0.285598334509012453E+00
    0.107917983012148033E+01   -0.272925185296743145E+00
    0.107935283194027298E+01   -0.237055560877712179E+00
    0.179361343383789062E+00   -0.235298551053798571E+00
    0.220613220045941694E+00   -0.230052019756696619E+00
    0.520949125289916992E+00   -0.175927514667629625E+00
    0.120293828939395997E+00   -0.164725281551842240E+00
    0.179747343063354492E+00   -0.156378381411794748E+00
    0.112013958424659998E+01   -0.133542084574109876E+00
    0.920080542564392090E+00   -0.121668764846444163E+00
    0.529484629631042480E+00   -0.108988033604627235E+00
    0.111993062496185303E+01   -0.916768732948135961E-01
    0.529619216918945312E+00   -0.877356850534189714E-01
    0.119725942530503990E+00   -0.510918600282947999E-01
    0.919575214794778550E+00   -0.214729877532172410E-01
    0.219233510808148430E+00    0.448324935195538107E-01
    0.808705263025742971E-01    0.647883638528538863E-01
    0.480912685394287109E+00    0.728442895350910891E-01
    0.480914055469983670E+00    0.731057908082760333E-01
    0.108100593090057373E+01    0.905988787864475120E-01
    0.108107244968414307E+01    0.103211378758867281E+00
    0.481086373329162598E+00    0.105845814627561638E+00
    0.519192576408386230E+00    0.106066770594472434E+00
    0.218813019247633078E+00    0.124823717496302236E+00
    0.881327615825935995E+00    0.151182529836179885E+00
    0.481401085853576660E+00    0.164874146766123997E+00
    0.518788856968967926E+00    0.173190886888859363E+00
    0.568488836288452148E+00    0.185286847409626365E+00
    0.518659234046936035E+00    0.194767068564863338E+00
    0.568068981170654297E+00    0.262031781272387521E+00
    0.218017458915710449E+00    0.271328054658795836E+00
    0.217971324920654297E+00    0.279629586536714880E+00
    0.567947745323181152E+00    0.283864373098596967E+00
    0.217826331288051150E+00    0.305581747598608677E+00
    0.917744153782751981E+00    0.320197216225610148E+00
    0.567730045596416932E+00    0.322699599826621109E+00
    0.117676672946679522E+00    0.332148351236015160E+00
    0.111763966083526611E+01    0.338684011639273475E+00
    0.182407855987548828E+00    0.347054528781261862E+00
    0.108250377065497028E+01    0.363881977085951880E+00
    0.108258238288904374E+01    0.377605254435966153E+00
    0.217377226999364209E+00    0.384632092618203469E+00
    0.108263447469237106E+01    0.386664837505842518E+00
    0.917287111282348633E+00    0.400251101113840435E+00
    0.917237152180533366E+00    0.408875107081036582E+00
    0.482879766659428944E+00    0.428960236091375013E+00
    0.111705341507375011E+01    0.440377355167341056E+00
    0.108298313617706299E+01    0.446603911713436275E+00
    0.883008003234863281E+00    0.450832413223276163E+00
    0.483008265495300293E+00    0.450876976925746686E+00
    0.883010233383425547E+00    0.451211335127021107E+00
    0.517097280655775648E+00    0.451933161736234046E+00
    0.108312953487742969E+01    0.471409216296042155E+00
    0.916807173456952174E+00    0.482066785494979111E+00
    0.883220182258877440E+00    0.486660766428902603E+00
    0.883334517478942871E+00    0.505780645257056460E+00
    0.483546835328227842E+00    0.540939045969795473E+00
    0.916412767365068825E+00    0.547577520656025940E+00
    0.116350412368774414E+00    0.557792260410510332E+00
    0.116316115836307618E+00    0.563394003636325635E+00
    0.516390243531955617E+00    0.564683951173932219E+00
    0.116261221896176895E+00    0.572335495771852054E+00
    0.838119869340493429E-01    0.584213348438416880E+00
    0.838482569374743580E-01    0.590078163766136643E+00
    0.116134869330635243E+00    0.592802141971997765E+00
    0.566098268486251222E+00    0.598700943468437052E+00
    0.483924159288537437E+00    0.602308911857411866E+00
    0.183963097006214910E+00    0.608560895394997803E+00
    0.516096862745973661E+00    0.610520037273024063E+00
    0.215994506138062731E+00    0.615351050552733536E+00
    0.515972839595326693E+00    0.629713697373438297E+00
    0.515936966762977622E+00    0.635244450766998092E+00
    0.215673664923178604E+00    0.666153322934968650E+00
    0.565660578133831304E+00    0.668203647607578666E+00
    0.484347406871339259E+00    0.669453826785686434E+00
    0.915570139884948730E+00    0.682325903371010845E+00
    0.844330787658691406E-01    0.682827000007191653E+00
    0.184490242107291730E+00    0.691709234103230708E+00
    0.845027678342043509E-01    0.693651159552506336E+00
    0.484618573609042647E+00    0.711530796156441547E+00
    0.215268635555047771E+00    0.728816024991020273E+00
    0.515272672912711505E+00    0.735891972540673844E+00
    0.515251517295837402E+00    0.739040129456422168E+00
    0.515251517295837402E+00    0.739040129456422168E+00
    0.515167832374572754E+00    0.751457542817256408E+00
    0.884885668754577637E+00    0.752257138573606654E+00
    0.915077567100524902E+00    0.757807035201212398E+00
    0.108494353294372559E+01    0.760986182471966810E+00
    0.114999858807908001E+00    0.769493362269488834E+00
    0.515041232109069824E+00    0.770133617840706219E+00
    0.214984421054555869E+00    0.771807811854279269E+00
    0.485029101371765137E+00    0.773833156962305035E+00
    0.514948487281799316E+00    0.783730975067237878E+00
    0.535134091245931698E+00    0.795777208001708147E+00
    0.485184192657470703E+00    0.796931449760632571E+00
    0.885212955688257530E+00    0.801188786168183453E+00
    0.214762467747130315E+00    0.804819913630051231E+00
    0.214762467747130315E+00    0.804819913630051231E+00
    0.185269682626339999E+00    0.809560933911614322E+00
    0.111470425222282610E+01    0.813397016392945482E+00
    0.535273763351298504E+00    0.816020742521040621E+00
    0.885365125462345470E+00    0.823574419890915954E+00
    0.853657431575548520E-01    0.823664816902099806E+00
    0.914622513818794891E+00    0.825382631651129128E+00
    0.108539845338570884E+01    0.828446365908762195E+00
    0.535429542195419161E+00    0.838401937975739253E+00
    0.564497470855712891E+00    0.843588880144069297E+00
    0.485548019409179688E+00    0.850173471279014548E+00
    0.564436912536621094E+00    0.852349968336520547E+00
    0.485605239868164062E+00    0.858426590079462093E+00
    0.856587803874255399E-01    0.866119283674911089E+00
    0.514375014499359295E+00    0.866184486534047782E+00
    0.856678770118266958E-01    0.867423436814734439E+00
    0.857059955596923828E-01    0.872879368857693572E+00
    0.214224106505712802E+00    0.882846154126058935E+00
    0.485777380038458939E+00    0.883057593743531544E+00
    0.214206278380785597E+00    0.885380456393483839E+00
    0.514233877398080796E+00    0.886039073196567273E+00
    0.885820865631103516E+00    0.889232926299253101E+00
    0.914128710278069523E+00    0.896369912947229786E+00
    0.564089048877191024E+00    0.901965695486262597E+00
    0.859435796737670898E-01    0.906557421616694170E+00
    0.108595280488122636E+01    0.907853730030861783E+00
    0.213934561040609234E+00    0.923612226583041762E+00
    0.886086702346801758E+00    0.926572925622901944E+00
    0.513934168252235590E+00    0.927613602503591372E+00
    0.111387843471443060E+01    0.931417432941814338E+00
    0.861512414348336586E-01    0.935531614574022341E+00
    0.861687660217285156E-01    0.937957016746904682E+00
    0.108623170852661133E+01    0.946642933074415494E+00
    0.886268503468856883E+00    0.951702198631383389E+00
    0.886269686222477482E+00    0.951864601409237121E+00
    0.886269686222477482E+00    0.951864601409237121E+00
    0.913684368133544922E+00    0.958162527483467752E+00
    0.563650763062373050E+00    0.962755526676756790E+00
    0.111357253509490128E+01    0.973403639043740831E+00
    0.563517451286315918E+00    0.980864741491304315E+00
    0.213516821044660299E+00    0.980949927788507425E+00
    0.213516821044660299E+00    0.980949927788507425E+00
    0.186516619924628396E+00    0.985464492270722747E+00
    0.111345858256706465E+01    0.988804959982893417E+00
    0.866298146721094925E-01    0.100066290504466981E+01
    0.886638860348175628E+00    0.100187191957759314E+01
    0.866630801894901770E-01    0.100510503339551605E+01
    0.536670021243418782E+00    0.100894964270815590E+01
    0.213297367095947266E+00    0.101037232513345998E+01
    0.213297367095947266E+00    0.101037232513345998E+01
    0.108675134181976318E+01    0.101683746567157218E+01
    0.113233364407129652E+00    0.101886251589593502E+01
    0.867704346568842350E-01    0.101936518771651419E+01
    0.186811685562133789E+00    0.102481399499521042E+01
    0.186814904212951660E+00    0.102523842898716278E+01
    0.186814904212951660E+00    0.102523842898716278E+01
    0.108682239055633545E+01    0.102622523030656598E+01
    0.868793725967407227E-01    0.103371786627957163E+01
    0.213104791345770844E+00    0.103579440247441301E+01
    0.913089030762387344E+00    0.103785855206175537E+01
    0.913089030762387344E+00    0.103785855206175537E+01
    0.913031458854675293E+00    0.104537758414989090E+01
    0.887075059347587347E+00    0.105920172921341460E+01
    0.487126636382476663E+00    0.106585473537952358E+01
    0.111284663221968083E+01    0.106929238661666659E+01
    0.912761181370909558E+00    0.108023343364912083E+01
    0.212695121765136719E+00    0.108864160039712488E+01
    0.187313556671142578E+00    0.108974296187380726E+01
    0.187313556671142578E+00    0.108974296187380726E+01
    0.873692895642718681E-01    0.109679795299930527E+01
    0.187446063876191393E+00    0.110646562255202907E+01
    0.112447556698944781E+00    0.111976384468813883E+01
    0.112447556698944781E+00    0.111976384468813883E+01
    0.875554084777832031E-01    0.112013289278121220E+01
    0.875554084777832031E-01    0.112013289278121220E+01
    0.562410600418083773E+00    0.112435717739166829E+01
    0.111232604314195749E+01    0.113481548586838832E+01
    0.111228167847464565E+01    0.114027405278250282E+01
    0.877495968591936737E-01    0.114411029799397546E+01
    0.187777532411913306E+00    0.114752861384621330E+01
    0.512203430647785396E+00    0.115151661191171151E+01
    0.512203430647785396E+00    0.115151661191171151E+01
    0.112116456031799316E+00    0.116042964970273421E+01
    0.108789983343214280E+01    0.116240202870590803E+01
    0.887914177831018225E+00    0.116413669605410441E+01
    0.212082071684917300E+00    0.116458990255796335E+01
    0.512073242562141595E+00    0.116721455657614204E+01
    0.512073242562141595E+00    0.116721455657614204E+01
    0.488028482556004173E+00    0.117788604336582536E+01
    0.488028482556004173E+00    0.117788604336582536E+01
    0.111915496656080832E+00    0.118457688074999679E+01
    0.111915496656080832E+00    0.118457688074999679E+01
    0.561898231506347656E+00    0.118663262838180361E+01
    0.561898231506347656E+00    0.118663262838180361E+01
    0.511859859621527802E+00    0.119259154990509497E+01
    0.881631137441418883E-01    0.119391280238474962E+01
    0.488213181070794255E+00    0.119982669148241472E+01
    0.211766709299764794E+00    0.120219494482950862E+01
    0.538279808240959001E+00    0.120896400819872718E+01
    0.488345157319635903E+00    0.121529540501264544E+01
    0.188362465142720314E+00    0.121731109578336372E+01
    0.188362465142720314E+00    0.121731109578336372E+01
    0.884078741073608398E-01    0.122258527000138684E+01
    0.211507781234195585E+00    0.123232703888484463E+01
    0.911469725845323708E+00    0.123669912872093279E+01
    0.911469725845323708E+00    0.123669912872093279E+01
    0.111146227205236725E+01    0.123755378054297682E+01
    0.211432346384014647E+00    0.124097946433490103E+01
    0.538586139678955078E+00    0.124421203857534612E+01
    0.111393332481384277E+00    0.124543205839853433E+01
    0.211366057395935059E+00    0.124853587991691461E+01
    0.188638530313555763E+00    0.124905721637540568E+01
    0.211350737105913344E+00    0.125027601931757482E+01
    0.888651095320261541E+00    0.125048399640641383E+01
    0.887014617583738035E-01    0.125618735156791539E+01
    0.188766721746024269E+00    0.126353948189914234E+01
    0.887964038567687353E-01    0.126686935085223085E+01
    0.887964038567687353E-01    0.126686935085223085E+01
    0.888824343681335449E+00    0.126999571279082657E+01
    0.511168941210674577E+00    0.127173770878183867E+01
    0.108885312080383301E+01    0.127320760448565129E+01
    0.188857479942724976E+00    0.127369341742148157E+01
    0.188857479942724976E+00    0.127369341742148157E+01
    0.911141207030840672E+00    0.127383971303509780E+01
    0.561136751094380548E+00    0.127433607308786234E+01
    0.538857340812683105E+00    0.127465673760541831E+01
    0.888880968093872070E+00    0.127630783090790678E+01
    0.888885731876256413E+00    0.127683740392304723E+01
    0.889261156965445304E-01    0.128131761572377578E+01
    0.538956112588684144E+00    0.128556661683579310E+01
    0.188989400863647461E+00    0.128830571684812600E+01
    0.188989400863647461E+00    0.128830571684812600E+01
    0.210995743685844145E+00    0.128994028753145784E+01
    0.210995743685844145E+00    0.128994028753145784E+01
    0.210956669582533313E+00    0.129422914185131122E+01
    0.210906127755671247E+00    0.129975407044025126E+01
    0.108912003040313721E+01    0.130260349141206033E+01
    0.910854101181030273E+00    0.130541462131515207E+01
    0.210826039314270020E+00    0.130845654738476447E+01
    0.539187653015949397E+00    0.131076781705795642E+01
    0.539187653015949397E+00    0.131076781705795642E+01
    0.110795493695066596E+00    0.131175876295425087E+01
    0.110795493695066596E+00    0.131175876295425087E+01
    0.910784609937433931E+00    0.131293312604237244E+01
    0.489217378942254089E+00    0.131314761615926257E+01
    0.539233576723738617E+00    0.131570387214863849E+01
    0.110752686883468010E+00    0.131637080748583957E+01
    0.108925372531899289E+01    0.131706008595708202E+01
    0.108925457745901610E+01    0.131715165563393000E+01
    0.108925457745901610E+01    0.131715165563393000E+01
    0.889255750390735011E+00    0.131727768522440680E+01
    0.892626776702819952E-01    0.131802172949405860E+01
    0.189277452639701360E+00    0.131960707408612588E+01
    0.110685193930420256E+00    0.132360533690191495E+01
    0.539336204528808594E+00    0.132666000148540153E+01
    0.539374224396464097E+00    0.133069263177160590E+01
    0.489392650143218033E+00    0.133189284716820522E+01
    0.489392650143218033E+00    0.133189284716820522E+01
    0.889423198923370073E+00    0.133512857848236122E+01
    0.510573429170264603E+00    0.133622162291043622E+01
    0.889435216369579784E+00    0.133639891776738673E+01
    0.489457910979628652E+00    0.133879399813663413E+01
    0.108948789329102924E+01    0.134195024625141412E+01
    0.910386712171786350E+00    0.135505323485769247E+01
    0.210368653678922740E+00    0.135692728798817464E+01
    0.111030698078170098E+01    0.136330291938360615E+01
    0.189709424972534180E+00    0.136499251157584678E+01
    0.189784032815082992E+00    0.137264225593885669E+01
    0.210160349327181945E+00    0.137830869130353206E+01
    0.539849519729614258E+00    0.137990706129237384E+01
    0.539849519729614258E+00    0.137990706129237384E+01
    0.210137639419871319E+00    0.138061351851872027E+01
    0.108992619887012965E+01    0.138706483753446874E+01
    0.108992619887012965E+01    0.138706483753446874E+01
    0.539961136207828041E+00    0.139114203036353246E+01
    0.539961136207828041E+00    0.139114203036353246E+01
    0.189978722019347901E+00    0.139234212172784955E+01
    0.899798093060109466E-01    0.139245107583583883E+01
    0.899798093060109466E-01    0.139245107583583883E+01
    0.890010457492650175E+00    0.139551738602461617E+01
    0.890010457492650175E+00    0.139551738602461617E+01
    0.110997629165649414E+01    0.139684020747819959E+01
    0.110997629165649414E+01    0.139684020747819959E+01
    0.490102519434160722E+00    0.140467160223021459E+01
    0.190111637115478516E+00    0.140557358087545237E+01
    0.190114077000291426E+00    0.140581481577452760E+01
    0.540121078491210938E+00    0.140702719164892653E+01
    0.909799079419041035E+00    0.141436239625199778E+01
    0.909799079419041035E+00    0.141436239625199778E+01
    0.109025948010033980E+01    0.142008354397697256E+01
    0.890266173558537544E+00    0.142073529759279293E+01
    0.190283494784326657E+00    0.142241981552432595E+01
    0.110969468800031024E+01    0.142453730643857579E+01
    0.110968673229217529E+01    0.142530827105401436E+01
    0.559682451381295576E+00    0.142572288923035750E+01
    0.559682451381295576E+00    0.142572288923035750E+01
    0.490353508547935635E+00    0.142919822684631148E+01
    0.559511923299633729E+00    0.144208879131501688E+01
    0.109453312206810996E+00    0.144764662515815523E+01
    0.490554245285343082E+00    0.144836080603636508E+01
    0.110938664419046473E+01    0.145392673776344550E+01
    0.110938664419046473E+01    0.145392673776344550E+01
    0.110938335969308755E+01    0.145423498790607209E+01
    0.109069848060607910E+01    0.146188086837792230E+01
    0.909285262331851252E+00    0.146339170069888702E+01
    0.110927884830981838E+01    0.146398705377227500E+01
    0.110927884830981838E+01    0.146398705377227500E+01
    0.109073087690924320E+01    0.146488896919735079E+01
    0.109073087690924320E+01    0.146488896919735079E+01
    0.109073686599731445E+01    0.146544392579680949E+01
    0.540737929982783583E+00    0.146592483540430818E+01
    0.540737929982783583E+00    0.146592483540430818E+01
    0.907838411672843154E-01    0.146978426540614660E+01
    0.890790820121765137E+00    0.147042721340693228E+01
    0.490807877914488100E+00    0.147199667898813336E+01
    0.908149733517405189E-01    0.147264861090917920E+01
    0.908149733517405189E-01    0.147264861090917920E+01
    0.109083395343966871E+01    0.147439013582455036E+01
    0.109083395343966871E+01    0.147439013582455036E+01
    0.109084971847376377E+01    0.147583392350845566E+01
    0.209136601807445310E+00    0.147708472061630025E+01
    0.540877950827155507E+00    0.147876978606950016E+01
    0.540877950827155507E+00    0.147876978606950016E+01
    0.490936670548917320E+00    0.148375251997006408E+01
    0.490936670548917320E+00    0.148375251997006408E+01
    0.540984459136312879E+00    0.148841032056653377E+01
    0.108997453526433211E+00    0.148970133375373703E+01
    0.108997453526433211E+00    0.148970133375373703E+01
    0.110897850990295410E+01    0.149140398316814715E+01
    0.110897850990295410E+01    0.149140398316814715E+01
    0.508977446065035699E+00    0.149183114017885643E+01
    0.508977446065035699E+00    0.149183114017885643E+01
    0.508961200714111328E+00    0.149328555573953592E+01
    0.908948095650349508E+00    0.149413010471634689E+01
    0.558905710278799761E+00    0.149791384910365277E+01
    0.891106619258446031E+00    0.149901107848414639E+01
    0.108862519562924351E+00    0.150175091853927989E+01
    0.491139314592957676E+00    0.150191349852845546E+01
    0.491139314592957676E+00    0.150191349852845546E+01
    0.891153186600925795E+00    0.150314164696516728E+01
    0.891153186600925795E+00    0.150314164696516728E+01
    0.110884597673165253E+01    0.150321566187068179E+01
    0.110881147711515538E+01    0.150626153880083691E+01
    0.110881147711515538E+01    0.150626153880083691E+01
    0.891220092773437500E+00    0.150903832902013968E+01
    0.891220092773437500E+00    0.150903832902013968E+01
    0.912388622571555508E-01    0.151068451080989541E+01
    0.558738988116796564E+00    0.151262266419845393E+01
    0.558738988116796564E+00    0.151262266419845393E+01
    0.491266576139768207E+00    0.151310876924509530E+01
    0.491280078887939453E+00    0.151428711017506346E+01
    0.208714911850146206E+00    0.151472374077627059E+01
    0.208714911850146206E+00    0.151472374077627059E+01
    0.191298171204320022E+00    0.151586306160873652E+01
    0.191309094429016113E+00    0.151681298533656883E+01
    0.558690547943115234E+00    0.151684411412451436E+01
    0.508688766745647891E+00    0.151728592272998308E+01
    0.110868346691131592E+01    0.151745919555577924E+01
    0.208683430549844617E+00    0.151746235298549070E+01
    0.108659083624022337E+00    0.151957353751630508E+01
    0.108659083624022337E+00    0.151957353751630508E+01
    0.109134954895532577E+01    0.152032066717382808E+01
    0.109134954895532577E+01    0.152032066717382808E+01
    0.108640916405777249E+00    0.152114500189721213E+01
    0.208638485497483650E+00    0.152135502510418785E+01
    0.891390926840039954E+00    0.152389148018763931E+01
    0.908593495768066917E+00    0.152523133597644533E+01
    0.110858373377686870E+01    0.152606975579458859E+01
    0.110858373377686870E+01    0.152606975579458859E+01
    0.109143070616400761E+01    0.152730819931747064E+01
    0.914396791394997549E-01    0.152807671738178485E+01
    0.109143984764782376E+01    0.152809114209301367E+01
    0.108500627752610934E+00    0.153316882261306797E+01
    0.108500627752610934E+00    0.153316882261306797E+01
    0.541520292730085728E+00    0.153520359433685227E+01
    0.541520292730085728E+00    0.153520359433685227E+01
    0.915343200490269515E-01    0.153613349839382796E+01
    0.915343200490269515E-01    0.153613349839382796E+01
    0.915414094924926758E-01    0.153673341668689822E+01
    0.191569922966437350E+00    0.153914118959636048E+01
    0.108413412196211451E+00    0.154054465963856613E+01
    0.208400084505784122E+00    0.154166508503379207E+01
    0.908390210289621081E+00    0.154249404003504820E+01
    0.108362205152523122E+00    0.154483980849094271E+01
    0.108362205152523122E+00    0.154483980849094271E+01
    0.109164507250610598E+01    0.154544811641422553E+01
    0.541652382078461669E+00    0.154630062184722483E+01
    0.508342266082763672E+00    0.154674658289160472E+01
    0.908304275243882131E+00    0.154966724692459734E+01
    0.558298473275586238E+00    0.155014894882064680E+01
    0.508281934162872595E+00    0.155175425951064727E+01
    0.508268153189793792E+00    0.155289303273644808E+01
    0.541758532236416901E+00    0.155509278108241267E+01
    0.541758532236416901E+00    0.155509278108241267E+01
    0.918060541152954102E-01    0.155876843774802687E+01
    0.541840650493054188E+00    0.156181758037631435E+01
    0.110815283484913762E+01    0.156212860316880620E+01
    0.208152465543817389E+00    0.156215871133971573E+01
    0.208152465543817389E+00    0.156215871133971573E+01
    0.108114686166941171E+00    0.156523152561563195E+01
    0.191898663511348599E+00    0.156631391904358952E+01
    0.541896563937220077E+00    0.156635804870424700E+01
    0.108049445313425002E+00    0.157050433428626546E+01
    0.108049445313425002E+00    0.157050433428626546E+01
    0.491981048139686017E+00    0.157295430647749512E+01
    0.557984004556787871E+00    0.157575060854543270E+01
    0.907980484959596823E+00    0.157603148260360970E+01
    0.192048678281245944E+00    0.157835459817971291E+01
    0.542069703980816442E+00    0.158022068873329391E+01
    0.542069703980816442E+00    0.158022068873329391E+01
    0.492087960243225098E+00    0.158147038931636086E+01
    0.109213769435882568E+01    0.158539293357914923E+01
    0.109213769435882568E+01    0.158539293357914923E+01
    0.907841742158091991E+00    0.158700758318537916E+01
    0.492163243275965612E+00    0.158739847785775101E+01
    0.507813234788604850E+00    0.158942430520909284E+01
    0.107810536039142660E+00    0.158944981746163272E+01
    0.192206479619272397E+00    0.159077738393128021E+01
    0.192206479619272397E+00    0.159077738393128021E+01
    0.207770678246298746E+00    0.159255498151786168E+01
    0.922835979888183000E-01    0.159675788356451820E+01
    0.192291049978892931E+00    0.159733263141572923E+01
    0.192291049978892931E+00    0.159733263141572923E+01
    0.542289257049560547E+00    0.159737045388674392E+01
    0.542301690983181484E+00    0.159832733849865960E+01
    0.542301690983181484E+00    0.159832733849865960E+01
    0.107687544010397401E+00    0.159898051899637905E+01
    0.107687544010397401E+00    0.159898051899637905E+01
    0.192336414314845522E+00    0.160081945578683960E+01
    0.109233863155699096E+01    0.160098935145768295E+01
    0.507662579266215497E+00    0.160106844435470119E+01
    0.557639613598774120E+00    0.160265378559558958E+01
    0.557639613598774120E+00    0.160265378559558958E+01
    0.892407980732062844E+00    0.160627840073171679E+01
    0.109242820739746094E+01    0.160781196747603050E+01
    0.109243442221377074E+01    0.160828234735792863E+01
    0.892448782920837402E+00    0.160936778667217739E+01
    0.109248421990188338E+01    0.161203743113912767E+01
    0.109248421990188338E+01    0.161203743113912767E+01
    0.557511898326314537E+00    0.161232918835355821E+01
    0.109254659935428999E+01    0.161670627762800523E+01
    0.107452638338015299E+00    0.161676309256908679E+01
    0.107452638338015299E+00    0.161676309256908679E+01
    0.492558397055119890E+00    0.161758500184835774E+01
    0.892572402954101562E+00    0.161862619417416598E+01
    0.892591457950510980E+00    0.162003970706012712E+01
    0.892591457950510980E+00    0.162003970706012712E+01
    0.507407012345591935E+00    0.162030427517647468E+01
    0.110737940037126714E+01    0.162219443435808186E+01
    0.907378464346105806E+00    0.162226350302159217E+01
    0.907378464346105806E+00    0.162226350302159217E+01
    0.557330974211664665E+00    0.162575636446629934E+01
    0.107292173020137438E+00    0.162859324677726214E+01
    0.557276350467648784E+00    0.162974590092716554E+01
    0.507277960394033944E+00    0.162977044638734636E+01
    0.507277960394033944E+00    0.162977044638734636E+01
    0.207248039909534554E+00    0.163180177090433598E+01
    0.109275555610656738E+01    0.163206234692989138E+01
    0.927887805247163966E-01    0.163446375195181570E+01
    0.107192011404251608E+00    0.163584704336093800E+01
    0.107192011404251608E+00    0.163584704336093800E+01
    0.109284124261891469E+01    0.163823314734914005E+01
    0.192846876348729879E+00    0.163863629370356279E+01
    0.542865024994630962E+00    0.164006485909726818E+01
    0.542877717423622341E+00    0.164096882014289980E+01
    0.542877717423622341E+00    0.164096882014289980E+01
    0.892901252546556057E+00    0.164251110651647769E+01
    0.507094277261087911E+00    0.164295769236699885E+01
    0.110704986282125839E+01    0.164596935456256310E+01
    0.207033561022182039E+00    0.164711728029157212E+01
    0.192974051277590375E+00    0.164765240630571563E+01
    0.892979859100565099E+00    0.164806029231576878E+01
    0.493018467738840171E+00    0.165076333356640181E+01
    0.893022497473237920E+00    0.165104447600050608E+01
    0.206946015357971191E+00    0.165323653678950588E+01
    0.893125830203394422E+00    0.165820113159254023E+01
    0.193186510102497905E+00    0.166235396063854735E+01
    0.906769026498485564E+00    0.166537358486936649E+01
    0.109323212998685948E+01    0.166545186098152431E+01
    0.893252078235131419E+00    0.166679994283142663E+01
    0.543293151373954841E+00    0.166966966956832796E+01
    0.543301900683805128E+00    0.167025562458266474E+01
    0.493332574345680286E+00    0.167219949217010977E+01
    0.493332574345680286E+00    0.167219949217010977E+01
    0.206625554926092969E+00    0.167498229316199021E+01
    0.193383041739123684E+00    0.167555150042446632E+01
    0.193383041739123684E+00    0.167555150042446632E+01
    0.206610326725129717E+00    0.167599008649054348E+01
    0.206581983229865762E+00    0.167785966736419367E+01
    0.109342572496136303E+01    0.167836672213713234E+01
    0.934289600554792238E-01    0.167857935379292522E+01
    0.934289600554792238E-01    0.167857935379292522E+01
    0.893431466101281990E+00    0.167874399566232402E+01
    0.893431466101281990E+00    0.167874399566232402E+01
    0.934712905519400200E-01    0.168135194826942502E+01
    0.493496165978792534E+00    0.168297304289956062E+01
    0.110647454332076611E+01    0.168487362749298386E+01
    0.893531991562258598E+00    0.168529651780189238E+01
    0.493549108505249023E+00    0.168640232626008446E+01
    0.109357027312438104E+01    0.168776524508007419E+01
    0.543571351625255716E+00    0.168792732285802516E+01
    0.935738086700439453E-01    0.168799250850935145E+01
    0.193594231052331894E+00    0.168930280450081804E+01
    0.936020849316342440E-01    0.168980559744525527E+01
    0.936020849316342440E-01    0.168980559744525527E+01
    0.893630623817443848E+00    0.169162741878079426E+01
    0.206364322230526170E+00    0.169194919628551621E+01
    0.506362384893035866E+00    0.169216219272897139E+01
    0.193653694400588217E+00    0.169309420974973612E+01
    0.106325543116894281E+00    0.169440970493692089E+01
    0.110630319325480908E+01    0.169582095751801565E+01
    0.110630319325480908E+01    0.169582095751801565E+01
    0.937446835817476176E-01    0.169882726609307411E+01
    0.556229447300349067E+00    0.170044228064523573E+01
    0.893793314833355113E+00    0.170185747976611390E+01
    0.206203364179927962E+00    0.170206354781129776E+01
    0.206203364179927962E+00    0.170206354781129776E+01
    0.938296027356790574E-01    0.170410317155766644E+01
    0.106155514717102051E+00    0.170502037639306425E+01
    0.493864782116973544E+00    0.170626786460399194E+01
    0.543873409618371939E+00    0.170687637459843744E+01
    0.206114091338241046E+00    0.170756161909359339E+01
    0.493905814883793870E+00    0.170877689940657396E+01
    0.506083601696334928E+00    0.170949917952696784E+01
    0.110607015582907575E+01    0.171023822460905728E+01
    0.110607015582907575E+01    0.171023822460905728E+01
    0.506062171329750177E+00    0.171079978961001400E+01
    0.939499366562636801E-01    0.171145585123925392E+01
    0.906041012629363540E+00    0.171200301561471613E+01
    0.506041875966006471E+00    0.171202729029011236E+01
    0.206039526108378668E+00    0.171209280548642639E+01
    0.543967722395900743E+00    0.171260638484701899E+01
    0.106022126234696965E+00    0.171314216162223687E+01
    0.556013992181124461E+00    0.171363185802783624E+01
    0.939866988043118190E-01    0.171367322720503878E+01
    0.894019548036136702E+00    0.171564315509498044E+01
    0.494021668924216284E+00    0.171577015885722206E+01
    0.194026087353153603E+00    0.171603402199460642E+01
    0.205966625663334735E+00    0.171646907452354092E+01
    0.110594117540461978E+01    0.171798435761307378E+01
    0.894064592080793252E+00    0.171832684771845146E+01
    0.110589549448431934E+01    0.172068790748216993E+01
    0.110589549448431934E+01    0.172068790748216993E+01
    0.905891719133200879E+00    0.172091041183273830E+01
    0.205867712252342738E+00    0.172232194817389872E+01
    0.105863590499783444E+00    0.172256371580961076E+01
    0.905855464207119709E+00    0.172303987815106452E+01
    0.905855464207119709E+00    0.172303987815106452E+01
    0.109414469313352725E+01    0.172304909105254356E+01
    0.494146169038761518E+00    0.172313569854855708E+01
    0.555817363074738280E+00    0.172526382111869547E+01
    0.544181735965202584E+00    0.172527954939569916E+01
    0.544181735965202584E+00    0.172527954939569916E+01
    0.894184486510082088E+00    0.172537119779827619E+01
    0.494236308159057225E+00    0.172837167417758142E+01
    0.205755422791683601E+00    0.172884772600020886E+01
    0.205755422791683601E+00    0.172884772600020886E+01
    0.109429694892869933E+01    0.173184822594604015E+01
    0.109429694892869933E+01    0.173184822594604015E+01
    0.194341787816376066E+00    0.173439535798081135E+01
    0.943564065719933037E-01    0.173522144965216163E+01
    0.105640683755593975E+00    0.173538561740225528E+01
    0.544363122695658674E+00    0.173566267684820374E+01
    0.205592339121969891E+00    0.173810089927978950E+01
    0.944105539313326858E-01    0.173826264678266074E+01
    0.194458602265210723E+00    0.174093673927972414E+01
    0.109445867530655150E+01    0.174094078676424791E+01
    0.544470359675120363E+00    0.174164673622620314E+01
    0.205524308994760041E+00    0.174188223420743071E+01
    0.544475681739397199E+00    0.174194072839525460E+01
    0.894522615055274306E+00    0.174446345439182404E+01
    0.194547176361083984E+00    0.174580575536975657E+01
    0.544562405479152689E+00    0.174669151488914909E+01
    0.505433170789065356E+00    0.174693183680547315E+01
    0.894574399606860027E+00    0.174728648542515930E+01
    0.905394108019892396E+00    0.174899017690402747E+01
    0.205385914958050975E+00    0.174943178387857801E+01
    0.110536292290745353E+01    0.175066747299891934E+01
    0.110532218664376680E+01    0.175284383019991963E+01
    0.894683621612821223E+00    0.175315278777705430E+01
    0.505266779434963009E+00    0.175582923241061573E+01
    0.555251725581501931E+00    0.175656934536335418E+01
    0.110522236777868121E+01    0.175810655747632949E+01
    0.905215945138375111E+00    0.175844176512267025E+01
    0.494789914788003826E+00    0.175874751937364637E+01
    0.494789914788003826E+00    0.175874751937364637E+01
    0.194816788475293379E+00    0.176014377500610553E+01
    0.905181014510527682E+00    0.176025762676387276E+01
    0.905181014510527682E+00    0.176025762676387276E+01
    0.494834214141266937E+00    0.176104574743158904E+01
    0.905094843937940152E+00    0.176468500979553711E+01
    0.109491106355064427E+01    0.176498581262745269E+01
    0.505082861529912663E+00    0.176534209616645033E+01
    0.110506809532960260E+01    0.176604423220566975E+01
    0.905051350593566895E+00    0.176689146945972175E+01
    0.194971919059753418E+00    0.176806419384700830E+01
    0.105023862220245415E+00    0.176827622551531793E+01
    0.555023100295539140E+00    0.176831480304952282E+01
    0.894983321205152560E+00    0.176863685290200268E+01
    0.194991009388524761E+00    0.176902224882612780E+01
    0.194993853569030762E+00    0.176916467311383263E+01
    0.110500432685348371E+01    0.176925574727287716E+01
    0.110500315620899681E+01    0.176931432329725147E+01
    0.504974949121992367E+00    0.177076642354045966E+01
    0.545027044837423591E+00    0.177086555745241236E+01
    0.895028683088488930E+00    0.177090222438198275E+01
    0.895067277639084002E+00    0.177281343410595915E+01
    0.104915601157375499E+00    0.177365650986340717E+01
    0.950929638861170851E-01    0.177407716644060764E+01
    0.504904290459422866E+00    0.177425513655879996E+01
    0.504900490318717754E+00    0.177444135214094523E+01
    0.204876894460947034E+00    0.177555168563928478E+01
    0.554873717215458750E+00    0.177570691191426744E+01
    0.904869576827846633E+00    0.177590829114386017E+01
    0.504834557059414935E+00    0.177764926839537396E+01
    0.904818847193014086E+00    0.177836574220726584E+01
    0.109518320210523612E+01    0.177846447376035077E+01
    0.904792942184985627E+00    0.177961070961229062E+01
    0.545244594438323960E+00    0.178144294619990351E+01
    0.109525895118713379E+01    0.178208446432545875E+01
    0.195272487170086578E+00    0.178272529577038297E+01
    0.895286560058593750E+00    0.178338960314914363E+01
    0.110469577773417549E+01    0.178422054091147642E+01
    0.554663419723510742E+00    0.178573512793521472E+01
    0.110465818318238163E+01    0.178597883075225261E+01
    0.554642081260681152E+00    0.178672795725211930E+01
    0.554634418070379165E+00    0.178708339655515025E+01
    0.495370455444386126E+00    0.178730913774436506E+01
    0.110462605634060318E+01    0.178747019722319322E+01
    0.104615410808927153E+00    0.178796209887955593E+01
    0.109538805484771729E+01    0.178812199311703934E+01
    0.895393770251914800E+00    0.178838542109463750E+01
    0.954346744711129513E-01    0.179026119763182434E+01
    0.554564340651782395E+00    0.179030653597910727E+01
    0.954557128656221415E-01    0.179121945575700270E+01
    0.545483990662488649E+00    0.179253612289948649E+01
    0.110451267141669507E+01    0.179265116698008420E+01
    0.504464251676294051E+00    0.179485919893554358E+01
    0.955497105926238904E-01    0.179544680450834337E+01
    0.495549949308970283E+00    0.179545783051119345E+01
    0.495572447776794434E+00    0.179645649738466284E+01
    0.195605278015136719E+00    0.179790427693415977E+01
    0.895628811641962064E+00    0.179893574524813071E+01
    0.956675176507375130E-01    0.180062016702200856E+01
    0.545668594267292972E+00    0.180069930405403844E+01
    0.204323530197143555E+00    0.180100761672730325E+01
    0.956940280762423739E-01    0.180176521251441879E+01
    0.956947803497314453E-01    0.180179760237007103E+01
    0.495707035064697266E+00    0.180232487950226639E+01
    0.204279577624761011E+00    0.180289826032358858E+01
    0.104274645737013200E+00    0.180310920267053820E+01
    0.495725909702942946E+00    0.180313338397457135E+01
    0.104258015732345860E+00    0.180381869367083958E+01
    0.204251596458231821E+00    0.180409182133711732E+01
    0.904224237799711839E+00    0.180525125861279290E+01
    0.104223132133483887E+00    0.180529795847104291E+01
    0.109578123268248628E+01    0.180548219515875052E+01
    0.109579661553593932E+01    0.180612997879182635E+01
    0.554182602795705082E+00    0.180700181316164166E+01
    0.110413324449076056E+01    0.180905363345335468E+01
    0.109586892410415149E+01    0.180914324326905707E+01
    0.904117805478124592E+00    0.180969057377699993E+01
    0.109589467333110102E+01    0.181020364826349400E+01
    0.504091116207509793E+00    0.181081484399656012E+01
    0.104088577839010904E+00    0.181088983982710849E+01
    0.104073411219080605E+00    0.181150878875670518E+01
    0.554072022438049316E+00    0.181156583638398039E+01
    0.895948037361623539E+00    0.181238017744136903E+01
    0.554047168354831920E+00    0.181257481768568374E+01
    0.904044887996034441E+00    0.181266658905304689E+01
    0.110403601140147467E+01    0.181302524339119953E+01
    0.104031753759345993E+00    0.181319699167536097E+01
    0.545975206923782319E+00    0.181350526656545874E+01
    0.903998982422384856E+00    0.181451288148264922E+01
    0.196003639875261926E+00    0.181461771232238056E+01
    0.110397689412711730E+01    0.181539374906386675E+01
    0.896031721694053207E+00    0.181573601998812295E+01
    0.960321606590195248E-01    0.181575343837620151E+01
    0.196056664495992239E+00    0.181672270906952238E+01
    0.196065615460806641E+00    0.181707527504414457E+01
    0.546067872022289680E+00    0.181719064868611602E+01
    0.960692117004317142E-01    0.181721670027524884E+01
    0.496078112712039221E+00    0.181756670849325164E+01
    0.109609343112272195E+01    0.181816578159077258E+01
    0.961024529632409918E-01    0.181851781903661869E+01
    0.103832581602378043E+00    0.182102877486093062E+01
    0.110379719734191895E+01    0.182237864528798554E+01
    0.896212851387346743E+00    0.182275971048375540E+01
    0.203768888880580035E+00    0.182344956658456492E+01
    0.109730005264282227E+01    0.185802360489770590E+01
    0.109819352626800537E+01    0.187815544683342894E+01
    0.110336542129516602E+01    0.183784188108558211E+01
    0.110296407091988447E+01    0.185054360146484242E+01
    0.110285962211380273E+01    0.185358499038661817E+01
    0.109802994789003350E+01    0.187506665697544461E+01
    0.109895167545576955E+01    0.188897726180518277E+01
    0.110366144610840222E+01    0.182744124553169796E+01
    0.110146642126125416E+01    0.188372022697807373E+01
    0.110149862111820451E+01    0.188324285727572227E+01
    0.109874189553692569E+01    0.188655804935532490E+01
    0.109778156945540339E+01    0.186986501314936571E+01
    0.110219832424652098E+01    0.187030903609115540E+01
    0.109729343217458619E+01    0.185784463658753496E+01
    0.109887314434366501E+01    0.188812316520429180E+01
    0.109870741587168519E+01    0.188611831491150572E+01
    0.109681179593695299E+01    0.184364895781721350E+01
    0.109900811390823994E+01    0.188955299346022754E+01
    0.109720214187981036E+01    0.185533213325180535E+01
    0.109730956512081601E+01    0.185827998435971220E+01
    0.110017106255274855E+01    0.189432587157059951E+01
    0.109895263618442707E+01    0.188898732874450515E+01
    0.110262163815801384E+01    0.186010725039759506E+01
    0.110122562658918000E+01    0.188696138087483978E+01
    0.109655454642076444E+01    0.183511643172202499E+01
    0.110232399054160912E+01    0.186746752336792232E+01
    0.109687075029495151E+01    0.184551116497263079E+01
    0.109774220774041265E+01    0.186898405411809887E+01
    0.110130798959267451E+01    0.188591799968264051E+01
    0.109886122836099376E+01    0.188798817932633778E+01
    0.109638147951405363E+01    0.182900373101929237E+01
    0.110093225539576323E+01    0.189012668294071617E+01
    0.109801929751636429E+01    0.187485627191195836E+01
    0.110227057466442324E+01    0.186869463702176186E+01
    0.109816749016824189E+01    0.187768172213791140E+01
    0.109852596184894513E+01    0.188360824120153603E+01
    0.109753803763244440E+01    0.186416589005906141E+01
    0.110149026339111522E+01    0.188336775868087369E+01
    0.110343069386233816E+01    0.183562388166994284E+01
    0.109766997213293704E+01    0.186732703424891189E+01
    0.110108612252397364E+01    0.188857387286995015E+01
    0.110339626183743644E+01    0.183679921121323075E+01
    0.109710185195526955E+01    0.185247587310948614E+01
    0.109836562976440799E+01    0.188111635322041670E+01
    0.109937481647841229E+01    0.189251791137703895E+01
    0.110020975844510205E+01    0.189425219052890559E+01
    0.109954207169580132E+01    0.189342369189643178E+01
    0.109934296409125065E+01    0.189231370262843268E+01
    0.110326942312827425E+01    0.184102654559689372E+01
    0.109830395235258549E+01    0.188008929544386061E+01
    0.109854095219185255E+01    0.188382808102306298E+01
    0.110343657924307870E+01    0.183542179908556990E+01
    0.109879389414413908E+01    0.188719872687765267E+01
    0.110211011752304278E+01    0.187220920375010458E+01
    0.110104083390314633E+01    0.188905550748567030E+01
    0.109971255081468988E+01    0.189405904838468597E+01
    0.110081670329892622E+01    0.189113716216297933E+01
    0.110286351954207706E+01    0.185347346271607982E+01
    0.110260425938647710E+01    0.186056134879509538E+01
    0.110263936518175365E+01    0.185964094074209840E+01
    0.902437925338745117E+00    0.186475478376888670E+01
    0.901738180256376642E+00    0.187936583053707618E+01
    0.897063040860770600E+00    0.185134353862784740E+01
    0.898022659762370279E+00    0.187492281147861539E+01
    0.898608572509808190E+00    0.188479183125305583E+01
    0.897905390415316251E+00    0.187253523699411795E+01
    0.902147122995417661E+00    0.187142149776810740E+01
    0.901387871234031746E+00    0.188484125074409992E+01
    0.903222869750171187E+00    0.184253773642252194E+01
    0.897613778415558006E+00    0.186600191630507872E+01
    0.901907789915450397E+00    0.187627387174789284E+01
    0.896346982033888073E+00    0.182774948225168021E+01
    0.901799077893645329E+00    0.187828877721834742E+01
    0.896915728838661996E+00    0.184690854057205645E+01
    0.896743909276309870E+00    0.184146154955085817E+01
    0.897564230190258883E+00    0.186480731072513173E+01
    0.900315524198134876E+00    0.189397440595732025E+01
    0.899825041225559064E+00    0.189431913069159408E+01
    0.899830669420794926E+00    0.189432881933009378E+01
    0.897981159982833566E+00    0.187409360848080020E+01
    0.902267792517978728E+00    0.186875776903236246E+01
    0.900684195532742926E+00    0.189213156592023690E+01
    0.899254378482671646E+00    0.189169242631984824E+01
    0.899223376436665389E+00    0.189145646275973056E+01
    0.898666377116541182E+00    0.188557943357893820E+01
    0.897394491860389554E+00    0.186052882022748167E+01
    0.902012522702722586E+00    0.187422094541049500E+01
    0.901063719856388889E+00    0.188881468389098406E+01
    0.901139599769500088E+00    0.188797874538214061E+01
    0.900061782787324516E+00    0.189445309799131567E+01
    0.900156868305803881E+00    0.189434914522853481E+01
    0.900588600752040946E+00    0.189273992932884783E+01
    0.901327192544635780E+00    0.188566498330267995E+01
    0.900959209089462254E+00    0.188987177316882882E+01
    0.900250500595546788E+00    0.189415843081351709E+01
    0.902594804179777666E+00    0.186080713989840607E+01
    0.899043833500687506E+00    0.188990091168332586E+01
    0.903362967108936599E+00    0.183792444467641736E+01
    0.900199923595832896E+00    0.189427233633450998E+01
    0.901650649556764106E+00    0.188084896375913635E+01
    0.897063704247300087E+00    0.185136301981874518E+01
    0.902654821406800645E+00    0.185923180004532940E+01
    0.901445805951060275E+00    0.188402040931475745E+01
    0.903765989823648308E+00    0.182355878679625127E+01
    0.898395345290395553E+00    0.188159759987008446E+01
    0.901976459215006909E+00    0.187494022841243524E+01
    0.903063930727220021E+00    0.184753382604934924E+01
    0.903337840046826490E+00    0.183876630266437102E+01
    0.897949619253866183E+00    0.187345187753478193E+01
    0.898361616897822790E+00    0.188105068760786431E+01
    0.898978021103776115E+00    0.188924997923372850E+01
    0.900972961569573405E+00    0.188973891247602999E+01
    0.901833017649957047E+00    0.187767241503009363E+01
    0.898580371880680073E+00    0.188439546356954390E+01
    0.898630694338773850E+00    0.188509719358603345E+01
    0.903597997384460117E+00    0.182974425766245541E+01
    0.898888774608895047E+00    0.188829807420618145E+01
    0.900515904791942989E+00    0.189314139478361487E+01
    0.900808575107111986E+00    0.189120321503615796E+01
    0.897484938963578172E+00    0.186284452347072671E+01
    0.897910876860160023E+00    0.187265000608828891E+01
    0.896526998155334098E+00    0.183416347449009898E+01
    0.901330299897323384E+00    0.188562369447127098E+01
    0.898863458192791898E+00    0.188801354715770398E+01
    0.903242150834022706E+00    0.184191447340259384E+01
    0.551503777503967285E+00    0.188316720667122306E+01
    0.551386713981628418E+00    0.188485916815509214E+01
    0.547109007835388184E+00    0.185269882070677427E+01
    0.553535342216491699E+00    0.183197959686863165E+01
    0.550147891044616699E+00    0.189436628576984245E+01
    0.551842212677001953E+00    0.187750492931781765E+01
    0.551018150171455723E+00    0.188929127460419899E+01
    0.552891799344215507E+00    0.185266054407277148E+01
    0.549714482685201955E+00    0.189406888137416307E+01
    0.547794691343934659E+00    0.187016647739058195E+01
    0.551999577274620901E+00    0.187448200841740920E+01
    0.547366987761850665E+00    0.185982231800455922E+01
    0.552459824966572866E+00    0.186421957859229082E+01
    0.548693475545804277E+00    0.188594431466458423E+01
    0.550502855583263395E+00    0.189321076304252500E+01
    0.548397399128343843E+00    0.188163884036347073E+01
    0.551580148788810565E+00    0.188198952377636264E+01
    0.548441281004316883E+00    0.188233228337002823E+01
    0.553308880885380328E+00    0.183972943251934140E+01
    0.549342037099131542E+00    0.189231278602602537E+01
    0.546505830321057484E+00    0.183344745758308658E+01
    0.552547837600816383E+00    0.186201584382296437E+01
    0.548743154930488197E+00    0.188658087206145653E+01
    0.553147119009165911E+00    0.184495116582321650E+01
    0.547280416535925740E+00    0.185750602909710572E+01
    0.553750776015033308E+00    0.182413115125952663E+01
    0.551069983063606106E+00    0.188875004737576302E+01
    0.547637636595200927E+00    0.186658052146399100E+01
    0.551180207589069271E+00    0.188750979935787511E+01
    0.549495145659231854E+00    0.189320259076269037E+01
    0.548161007199601147E+00    0.187757205745897671E+01
    0.551850231250863521E+00    0.187735688271012968E+01
    0.552133007315704250E+00    0.187172486526118664E+01
    0.548481462271727671E+00    0.188295036215257761E+01
    0.553076922308408325E+00    0.184713572924951963E+01
    0.548896964968578094E+00    0.188839522117400471E+01
    0.549735372958654156E+00    0.189412630003965665E+01
    0.553591199805854917E+00    0.182998922205542103E+01
    0.552815552344887440E+00    0.185483642038385654E+01
    0.547658298689633560E+00    0.186706637581575485E+01
    0.548737165096766955E+00    0.188650543069534637E+01
    0.549678235146489058E+00    0.189395889756981095E+01
    0.551781417473072633E+00    0.187860647177467022E+01
    0.546512383120414169E+00    0.183367613887237457E+01
    0.551748915724354472E+00    0.187918020684229226E+01
    0.551513441999874066E+00    0.188302139867361640E+01
    0.549269041689945281E+00    0.189180605415471015E+01
    0.550341346521921793E+00    0.189389273824040116E+01
    0.549248980882814486E+00    0.189165745998078538E+01
    0.552466578197947866E+00    0.186405322921803696E+01
    0.548625885419500747E+00    0.188503863718067555E+01
    0.553089371396337182E+00    0.184675190062176853E+01
    0.546744497963999265E+00    0.184149969348576770E+01
    0.550506127271343404E+00    0.189319425291955290E+01
    0.547860838185420862E+00    0.187160297720756219E+01
    0.552948832286921599E+00    0.185099497734994256E+01
    0.552472692261197440E+00    0.186390223084413109E+01
    0.552686545655683426E+00    0.185838551837409449E+01
    0.548255807695257058E+00    0.187927006339014291E+01
    0.547928177491187940E+00    0.187302044144897240E+01
    0.549019431059365903E+00    0.188967069110728936E+01
    0.550018022737534862E+00    0.189447425267498604E+01
    0.546256990371213558E+00    0.182444579389982264E+01
    0.551093431853932447E+00    0.188849637462157371E+01
    0.546317001311331429E+00    0.182667328679837193E+01
    0.548283681138628021E+00    0.187975222183311863E+01
    0.498647332191467285E+00    0.188532552747242632E+01
    0.498341679573059082E+00    0.188072367673167951E+01
    0.499321937561035156E+00    0.189217599528825109E+01
    0.503304362297058105E+00    0.183989757939359144E+01
    0.498575210571289062E+00    0.188432388677795259E+01
    0.497448921203613281E+00    0.186193320920870997E+01
    0.499043687404636116E+00    0.188990182489900960E+01
    0.503214593189112769E+00    0.184282272993386087E+01
    0.498366424404651176E+00    0.188113098404221435E+01
    0.497657476767561890E+00    0.186703626325377825E+01
    0.499220636801732953E+00    0.189143767253776507E+01
    0.499682744833890913E+00    0.189397210935384730E+01
    0.500525614096490767E+00    0.189309567944619950E+01
    0.496532793992401911E+00    0.183436525436089415E+01
    0.497187846965244873E+00    0.185493207351461775E+01
    0.499025840954948896E+00    0.188972954405089344E+01
    0.496429662237061808E+00    0.183073625006370899E+01
    0.501076490021459930E+00    0.188868441345264193E+01
    0.502944507236736560E+00    0.185113781374642650E+01
    0.496834602143902238E+00    0.184437423114698418E+01
    0.500205920489185663E+00    0.189426429810630048E+01
    0.500634392343478840E+00    0.189246503302318647E+01
    0.500656692156307148E+00    0.189232113569070881E+01
    0.497859673298064187E+00    0.187156846966443879E+01
    0.498291069917868645E+00    0.187987155915706605E+01
    0.500368155045138541E+00    0.189379897270237985E+01
    0.497269329529812065E+00    0.185719032886734037E+01
    0.501215861178041955E+00    0.188708743598141382E+01
    0.500967475483550473E+00    0.188979818458238746E+01
    0.498294945809381218E+00    0.187993772339643561E+01
    0.498461048765864334E+00    0.188263205544280909E+01
    0.501143703711255051E+00    0.188793849457040697E+01
    0.503382104812458042E+00    0.183729923632982528E+01
    0.498371424275624531E+00    0.188121253984226389E+01
    0.502074249952721097E+00    0.187297013240953469E+01
    0.501546703442136588E+00    0.188251880155518680E+01
    0.499981275199257780E+00    0.189447412238330792E+01
    0.499903237236755171E+00    0.189442891903194832E+01
    0.499270597457507348E+00    0.189181463101012848E+01
    0.503016982075999319E+00    0.184897812329834865E+01
    0.499457245989633203E+00    0.189300211490841774E+01
    0.496627557064110325E+00    0.183760601701941972E+01
    0.501261531024157492E+00    0.188652188346820227E+01
    0.496348189861808287E+00    0.182779419738690785E+01
    0.503271302054993930E+00    0.184098422585720622E+01
    0.502403634658345810E+00    0.186559728105491729E+01
    0.500564666822052251E+00    0.189288288280855377E+01
    0.501919477349859200E+00    0.187605994736874382E+01
    0.500158369433465255E+00    0.189435081290514873E+01
    0.498160845559121712E+00    0.187756122403751746E+01
    0.503415995509403302E+00    0.183614762005042009E+01
    0.497232341640782893E+00    0.185617345355105123E+01
    0.500109510705833538E+00    0.189441615697144239E+01
    0.498489089700141330E+00    0.188305968465224027E+01
    0.503500980522686103E+00    0.183320931614880012E+01
    0.199396014213562012E+00    0.189264818940426793E+01
    0.197501897811889648E+00    0.186326961084415466E+01
    0.202043980256054800E+00    0.187358290711965436E+01
    0.201842308678110788E+00    0.187750167722815231E+01
    0.203071915116260299E+00    0.184728887114782148E+01
    0.198820845067909313E+00    0.188752015178599453E+01
    0.196472483191701852E+00    0.183225530939123349E+01
    0.196656954472240797E+00    0.183859241655200933E+01
    0.197286041674260476E+00    0.185764433458610889E+01
    0.199343755236859849E+00    0.189231889760961924E+01
    0.197639552244947614E+00    0.186661361553370408E+01
    0.201699354806805786E+00    0.188003314975829428E+01
    0.202204344223438470E+00    0.187017651627833104E+01
    0.202832786283678235E+00    0.185434879291038612E+01
    0.200738904734240220E+00    0.189174228252395071E+01
    0.196818147634469254E+00    0.184385126117519516E+01
    0.202692230964795495E+00    0.185823164571634569E+01
    0.197845825878840809E+00    0.187126985283400349E+01
    0.196501853171679730E+00    0.183328702739292737E+01
    0.199255752239760775E+00    0.189170265991225794E+01
    0.202887409906776423E+00    0.185278650370661091E+01
    0.200773053839896520E+00    0.189148412235846974E+01
    0.200928369743120339E+00    0.189016283165565713E+01
    0.201890143636767855E+00    0.187660896871729377E+01
    0.200066737900596731E+00    0.189444991381848338E+01
    0.196499889637192726E+00    0.183321832079620894E+01
    0.202389212308888566E+00    0.186593050627064083E+01
    0.201581383718399509E+00    0.188196831123126862E+01
    0.201977459940269388E+00    0.187492044447851280E+01
    0.199396025779733810E+00    0.189264825926163294E+01
    0.198578952485924526E+00    0.188437530336906311E+01
    0.197751300582930695E+00    0.186918893821372412E+01
    0.200497714515376679E+00    0.189323358486128046E+01
    0.196820378400659801E+00    0.184392221598040962E+01
    0.200691556330576115E+00    0.189208093276356415E+01
    0.202773628942251649E+00    0.185600709600888392E+01
    0.203490397670468781E+00    0.183355780406529445E+01
    0.199685060120757485E+00    0.189397624791767716E+01
    0.198421025610196117E+00    0.188200638293708056E+01
    0.196820144976323774E+00    0.184391479369736855E+01
    0.200376743088405085E+00    0.189376250678205871E+01
    0.202917853377444279E+00    0.185190284189404886E+01
    0.197759172068581790E+00    0.186936563446424331E+01
    0.203331633524664740E+00    0.183897327384201414E+01
    0.200590407757625211E+00    0.189272927695404336E+01
    0.196605280940568422E+00    0.183685159609302318E+01
    0.100069165229797363E+00    0.189444826441029890E+01
    0.993787050247192383E-01    0.189254214632381790E+01
    0.100245356559753418E+00    0.189417118434829357E+01
    0.101245880126953125E+00    0.188671109710167983E+01
    0.999864339828491211E-01    0.189447126337125704E+01
    0.102197051048278809E+00    0.187033701701164867E+01
    0.997057376731056849E-01    0.189403923197021729E+01
    0.103257002212760712E+00    0.184143186648572277E+01
    0.994243749731573145E-01    0.189281546269772538E+01
    0.995593650034977962E-01    0.189350138755465114E+01
    0.101975838120126949E+00    0.187495250217062970E+01
    0.970304857439785728E-01    0.185038210897179112E+01
    0.970619524817811358E-01    0.185131156745880343E+01
    0.102880620310328366E+00    0.185298231669398228E+01
    0.102420654879588208E+00    0.186517433332499261E+01
    0.980304367539144711E-01    0.187507628665370873E+01
    0.991751253503899977E-01    0.189107009261751746E+01
    0.102210683684552064E+00    0.187003657178964011E+01
    0.100433026142875720E+00    0.189353462535329453E+01
    0.100720555971637926E+00    0.189187617901404814E+01
    0.991045270506872300E-01    0.189046282454060899E+01
    0.101465862323180070E+00    0.188372842180276945E+01
    0.999431083220455180E-01    0.189445600024026128E+01
    0.967677226705717097E-01    0.184223409988368303E+01
    0.102135243176678006E+00    0.187167586643761386E+01
    0.976582447087514377E-01    0.186705309433491018E+01
    0.103658760442329578E+00    0.182753954368358507E+01
    0.986250385321748302E-01    0.188501958836534378E+01
    0.100395898289700747E+00    0.189368850627642393E+01
    0.102562438749050050E+00    0.186164172184219767E+01
    0.102286594360262800E+00    0.186832961471343539E+01
    0.974907836741048806E-01    0.186299135070467026E+01
    0.100097479519457161E+00    0.189442467227179545E+01
    0.102693287605475414E+00    0.185820319292632630E+01
    0.997404078487955786E-01    0.189413524313052894E+01
    0.978967203554109017E-01    0.187235325723864943E+01
    0.982997507605621601E-01    0.188001794617431894E+01
    0.103375248260208205E+00    0.183751067946517121E+01
    0.997216790842250789E-01    0.189408487089457456E+01
    0.974927636169904688E-01    0.186304101215393003E+01
    0.963405545096515104E-01    0.182751447707120374E+01
    0.973543253207111020E-01    0.185947421101221133E+01
    0.973947770780987238E-01    0.186053625119136434E+01
    0.102142886172397751E+00    0.187151237781609625E+01
    0.103151219784780715E+00    0.184482125289539667E+01
    0.965199271140837339E-01    0.183391764709891558E+01
    0.103415591022482670E+00    0.183614087339104270E+01
    0.982787620542874274E-01    0.187965888322655927E+01
    0.103171586079292069E+00    0.184417739226356781E+01
    0.979551355673006635E-01    0.187356483081476966E+01
    0.100776432664463775E+00    0.189145794514313215E+01
    0.100985382504341123E+00    0.188961729015605573E+01
    0.101374138334774794E+00    0.188503090273987550E+01
    0.981009223575878692E-01    0.187643970409581540E+01
    0.100189602355568216E+00    0.189429243828917837E+01
    0.100383489654852331E+00    0.189373686197846980E+01
    0.103429300331971175E+00    0.183567167972107570E+01
    0.978512006971911652E-01    0.187138549133660481E+01
